1440
4786
3384
1174
1429
4964
2883
359
1773
1137
3879
1977
3695
3506
1107
2287
4506
1775
2113
308
1269
4740
1511
4693
2174
1186
2375
309
867
2470
3323
2091
4591
2553
4487
681
2259
2427
4628
1863
1832
4706
2005
3442
3708
1379
1083
549
4102
3191
388
1435
1852
3627
4349
1925
4960
3315
2521
4602
402
2873
583
2507
871
1607
4484
1381
224
911
13
2873
1045
122
2065
1371
4273
3479
4374
3484
3983
4997
84
1669
1573
451
4717
762
2280
4893
1762
2247
4853
3451
1700
4789
4660
4455
1816
2462
3959
4389
4615
2568
4266
3555
1909
628
1580
2751
448
1888
2017
1111
770
1058
799
1061
3292
3977
696
3112
1433
1738
4644
1314
3696
1784
1515
1191
1136
399
3143
4578
4079
3275
203
2312
3225
2910
1
1642
3917
124
1203
1715
2433
1749
1712
3685
4013
79
3278
3006
1443
1486
833
378
2922
1802
970
4485
1070
3061
4062
2118
2070
3662
3087
2719
2771
2648
2899
4972
3937
4007
2728
3063
2436
667
3410
1124
2383
2102
246
1720
3748
4705
4763
3066
3809
4805
4299
2253
4727
1157
675
4088
4452
2892
1739
616
3890
2878
1686
2432
2819
3825
3533
1949
1679
517
1973
3323
2184
3814
4282
595
4275
2161
4115
759
4001
2870
4784
2186
4867
3802
4530
910
2269
431
4288
2699
140
1374
3101
1353
691
3681
2937
4721
1200
4311
3477
4995
4525
1049
374
4338
119
3779
4517
1287
3772
2408
565
158
268
4202
3586
3675
4376
3221
2068
1212
766
3588
2740
235
846
2826
2332
1809
4463
976
3107
1320
1624
4964
2401
3891
2686
853
2721
3744
2044
2000
448
4686
2882
3408
4731
4423
329
816
2454
2028
3285
4243
95
1167
1405
3910
456
2753
1022
947
2053
894
1496
786
1769
1259
1145
2749
1364
3170
4443
2934
553
2240
601
3104
201
2239
1840
3094
4643
3340
2874
700
488
995
4335
50
3327
4244
540
1381
2607
4765
2862
1267
1682
3320
202
4446
915
253
114
406
3919
3292
1784
1985
4271
838
3400
1403
1365
3945
4590
2696
1646
1145
579
3177
807
2664
297
3578
4137
2689
140
3875
2159
581
4516
672
1787
2996
235
3111
2925
339
1942
3024
1293
2541
1923
2604
4097
4032
2998
1644
4414
157
21
2274
2630
4167
3396
216
2574
4252
2267
2312
243
3023
2505
2739
1609
1119
2933
3521
3735
1495
4166
3230
3154
141
223
1446
3696
1063
2977
4025
1715
1196
4937
3420
785
2984
1209
3692
3314
3475
4445
3405
1670
3344
2954
3818
4484
4230
4321
4803
4560
2271
3662
3418
1660
1041
4568
771
4216
3893
4132
2529
505
884
2374
2039
53
1327
1480
852
4274
2772
2213
4608
1189
53
2694
2620
938
863
2354
1131
3343
1275
1770
164
447
3951
1482
2579
3684
4472
1841
4115
1437
1843
484
3927
492
3049
2204
4263
3777
3526
860
4722
4407
4787
272
2556
3634
1390
1006
2160
2211
3883
2254
2706
242
859
1334
4924
3996
2741
3827
4788
4061
1260
354
2333
2469
722
2772
1348
3330
4108
2767
3791
301
2268
2682
4582
2931
786
2572
4430
902
1651
1555
2174
4979
3627
4637
2212
3941
1050
3453
3468
3007
2881
3466
3928
2331
3759
2442
2071
3307
3024
3287
3849
2759
1248
164
2129
684
4933
1768
1209
3357
3270
4986
887
4138
191
2429
2792
3695
4632
1925
2618
4443
4127
583
3648
3099
47
2292
2068
3271
1043
1169
602
2211
2546
1124
2388
2466
4186
1961
2347
1017
684
2979
904
2822
997
1560
2932
2577
226
1388
1800
325
858
1911
3838
4570
2064
107
1391
3480
2111
4675
2575
283
2049
3193
3827
1544
3774
2862
4312
4867
3101
702
3615
205
1775
3047
693
3456
4463
4158
2814
1285
2609
2663
4155
4369
1271
651
4791
2990
3427
2399
828
1366
67
2483
3585
555
3146
2857
2889
1221
4448
113
340
2147
2318
1528
186
2100
3939
3745
2626
424
1638
1189
4926
3612
4061
882
2499
2830
1407
751
4098
1656
2160
3070
1458
2727
4618
1418
4532
1822
1710
4348
923
4348
4250
3231
1215
4354
1175
1376
2089
4240
4312
1638
4057
4196
3386
3754
1536
2342
4239
1230
3121
4581
4874
3661
4785
4014
3625
1961
2744
1547
3317
57
3198
1111
1958
4164
120
455
452
3226
4247
4202
4286
962
2821
3921
4917
1149
3396
2514
3193
261
2283
2510
929
1548
3970
1852
1617
1788
3766
267
4111
778
2330
334
3906
1685
648
3793
3865
3466
346
1166
4667
3903
3941
701
2134
81
3425
2729
4743
4913
4507
1821
3298
3047
4684
4001
4347
732
1598
3892
1474
2736
2342
3695
2274
1547
4242
710
211
2999
1340
1593
2651
1679
1034
3879
1714
1072
4694
4352
2473
3745
3810
2857
667
465
2415
2287
1786
137
2423
2527
4174
1090
4919
1400
4199
89
59
479
353
3156
4847
3141
4996
4865
2961
194
334
3924
225
1908
4139
4336
3142
2485
2058
945
2788
174
1712
2976
3311
778
1568
3109
71
773
2519
296
4069
747
2296
4390
745
499
3555
2695
1565
2414
504
3687
2753
4261
3004
2640
3481
956
4628
4797
2821
3678
3108
1933
1699
3790
1431
747
418
3370
3529
3119
4547
992
3656
263
1948
1853
1556
164
3811
2177
313
3701
1871
3527
2066
1718
1537
4086
4046
854
2033
2202
4468
550
3151
1588
1057
3342
2604
1254
3125
1294
971
1364
730
3316
3810
3601
319
538
1086
715
561
2382
4564
4390
1921
2254
4621
784
4212
4867
300
1158
1172
3036
1845
959
1075
768
4692
163
4253
3917
2909
1185
2424
4816
2449
1537
4653
2540
2969
432
4146
1150
3019
1223
327
3846
3842
1166
995
395
4115
3410
1495
1764
2873
4756
3057
2942
1812
1622
320
2155
2876
